total_return: -0.491235
sharpe: -0.393837
maxdd: -0.513281
