total_return: 36.070715
sharpe: 0.511515
maxdd: -0.309111
