total_return: -0.158613
sharpe: -0.376627
maxdd: -0.343513
