total_return: 0.523027
sharpe: 0.705259
maxdd: -0.187652
