total_return: 0.026450
sharpe: 0.029518
maxdd: -0.203047
