total_return: 1.671128
sharpe: 0.195359
maxdd: -0.487458
